1579.66
1567.07
1543.53
1542.09
1517.14
1493.81
1468.07
1468.34
1472.07
1438.74
1463.78
1475.42
1445.5
1427.3
1433.47
1450.68
1440.73
1427.75
1401.11
1385.18
1408.69
1399.16
1441.07
1441.19
1444.59
1450.5
1438.4
1439.78
1430.65
1397.15
1399.46
1403.76
1421.54
1456.13
1457.54
1447.94
1448.04
1407.44
1407.4
1387.67
1384.13
1388.81
1407.33
1386.2
1373.22
1366.26
1404.51
1389.04
1390.46
1395.85
1400.77
1384.96
1368.2
1368.45
1354.51
1360.2
1358.22
1340.45
1341.74
1325.41
1344.63
1339.78
1334.42
1320.61
1319.41
1342.06
1321.46
1327.93
1327.12
1321.46
1324.29
1309.33
1284.31
1287.08
1260.32
1300.36
1355.23
1371.2
1414.7
1463.22
1448.56
1420.15
1464.78
1435.56
1427.4
1435.59
1420.01
1396.7
1422.93
1413.15
1384.44
1386.72
1332.94
1330.52
1335.39
1337.62
1330.58
1310.55
1329.36
1311.15
1324.78
1342.8
1341.74
1320.54
1305.29
1301.53
1326.75
1304.78
1305.13
1304.23
1307.43
1354.39
1347.07
1352.22
1370.05
1370.39
1356.14
1367.83
1379.96
1383.02
1371.24
1359.12
1358.33
1356.73
1337.43
1340.77
1334.94
1333.09
1337.2
1339.64
1323.75
1326.44
1338.81
1317.72
1309.69
1307.55
1313.05
1305.02
1290.49
1275.46
1275.17
1307.57
1282.72
1285.04
1280.27
1278.94
1274.31
1273.71
1266.5
1242.77
1251.94
1239.43
1244.75
1252.4
1257.46
1256.92
1256.31
1245.62
1216.65
1225.45
1218.11
1204.39
1234.48
1255.78
1254.23
1241.96
1225.89
1213.67
1191.82
1188.93
1252.5
1242.31
1269
1278.88
1276.13
1258.97
1284.48
1309.28
1309.47
1309.95
1312.44
1306
1303.41
1287.45
1294.34
1287.71
1293.74
1318.27
1316.79
1286.23
1289.94
1293.5
1269.14
1255.59
1243.47
1227.4
1231.05
1206.92
1201.65
1208.19
1205.63
1200.11
1195.02
1172.57
1181.24
1223.57
1202.97
1191.74
1214.87
1225.49
1248.52
1240.97
1219.51
1248.2
1234.33
1216.96
1197.73
1199.9
1184.19
1172.56
1169.19
1157.97
1165.34
1148.76
1169.12
1159.15
1130.84
1135.56
1124.27
1103.99
1107.63
1095.47
1099.64
1102.96
1103.47
1099.27
1070.84
1073.85
1072.14
1058.87
1051.95
1060.16
1060.74
1039.19
1016.06
1013.64
1034.38
1030.94
1115.58
1131.05
1108.29
1106.29
1093.46
1072.84
1086.01
1085.61
1115.62
1101.49
1102.03
1093.7
1101.88
1124.64
1108.59
1104.99
1080.94
1055.59
1047.28
1039.04
1033.55
1038.6
1017.98
1011.5
1046.16
1037.39
1040.42
1026.12
1012.1
1014.36
1021.05
1020.63
1046.32
1045.4
1072.81
1089.91
1086.55
1083.03
1088.95
1104.04
1107.7
1102.59
1128.74
1138.88
1152.53
1165.03
1183.58
1167.91
1187.01
1177.28
1192.83
1148.04
1150.18
1158.6
1149.96
1167.14
1172.47
1171.86
1154.43
1146.38
1162.8
1184.93
1188.85
1196.22
1173.32
1194.31
1194.41
1189.62
1188.21
1207.16
1217.26
1217.28
1212.95
1220.63
1212.62
1187.99
1159.96
1151.98
1155.04
1133.24
1131.77
1155.48
1155.61
1138.95
1157.19
1161.85
1152.61
1139.55
1131.38
1141.2
1134.61
1135.95
1141.32
1141.17
1121.92
1097.16
1097.78
1080.87
1092.82
1089.95
1104.79
1095.27
1100.05
1100.65
1110.15
1108.15
1088.3
1090.19
1088.65
1087.51
1095.89
1095.31
1117
1119.94
1098.65
1105.75
1113.37
1114.92
1110.82
1096.99
1099.26
1098.75
1094.29
1079.2
1087.79
1099.62
1098.32
1113.48
1116.37
1117.85
1125.39
1123.56
1127.51
1131.75
1136.34
1130.76
1135.24
1144.87
1156.82
1154.29
1157.03
1169.86
1161.06
1180.96
1197.27
1209.42
1215.67
1220.62
1211.05
1226.7
1221.46
1202.87
1208.44
1233.35
1251.58
1255.31
1255.77
1252.06
1258.05
1287.63
1282.1
1290.06
1269.45
1282.66
1279.64
1286.33
1299.17
1270.63
1267.41
1267.54
1288.42
1284.23
1288.85
1296.87
1297.19
1299.03
1306.59
1285.67
1293.3
1288.95
1259.92
1250.38
1245.17
1245.65
1259.67
1259.04
1274.81
1274.19
1269.46
1288.42
1290.39
1296.71
1302.46
1294.7
1295.91
1298.79
1305.57
1294.72
1298.3
1319.47
1329.8
1340.16
1339.74
1342.96
1359.08
1362.23
1360.13
1332.33
1359.54
1378.61
1385.11
1396.7
1385.9
1416.79
1409.79
1399.77
1417.48
1416.73
1440.22
1497.1
1531.16
1545.69
1537.38
1602.83
1664.09
1613.25
1625.15
1617.28
1659.55
1657.69
1604.55
1590.92
1591.42
1613.89
1648.54
1657.29
1641.3
1684.19
1669.4
1684.62
1679.13
1589.55
1591.49
1551.38
1552.8
1548.49
1531.33
1533.98
1574.47
1586.29
1592.33
1598.12
1596.07
1605.71
1633.45
1639.55
1639.29
1671.62
1672.21
1697.28
1681.55
1718.56
1741.47
1730.19
1734.33
1745.81
1740
1655.77
1665.21
1682.89
1684.25
1645.16
1655.12
1665.33
1665.94
1685.46
1686.65
1675.17
1662.03
1612.73
1600.61
1600.87
1601.06
1570.15
1547.44
1580.58
1578.57
1606.07
1605.93
1570.74
1595.66
1616.41
1603.33
1598.02
1601.15
1613.36
1612.4
1623.02
1623.03
1650.44
1651.02
1655.19
1658.64
1636.69
1657.52
1664.08
1672.12
1661.19
1667.98
1674.97
1695.86
1689.39
1689.69
1721.05
1732.99
1735.24
1732.45
1740.9
1725.36
1722.37
1712.64
1725.04
1736.96
1752.42
1785.38
1784.86
1790.1
1778.18
1784.66
1771.3
1763.9
1787.18
1792.25
1790.36
1759.39
1805.18
1806.65
1810.65
1807.17
1809.66
1837.99
1855.71
1851.31
1866.36
1886.31
1889.53
1866.82
1896.48
1883.35
1863.77
1888.24
1922.93
1941.55
1971.79
2017.28
2037.55
2041.36
2062.36
2050.81
2047.28
2038.72
2054.09
2099.29
2102.05
2161.65
2173.28
2156.6
2156.75
2093.64
2180.5
2218.95
2223.45
2249.11
2273.91
2332.43
2364.18
2373.2
2342.94
2343.67
2435.76
2479.73
2536.39
2567.59
2675.47
2715.72
2641.33
2707.2
2807.8
2825.58
2770.11
2668.11
2794.7
2821.02
2778.9
2756.98
2832.21
2933.19
2949.14
2975.13
2857.36
2882.56
2945.26
2930.56
2786.34
2785.43
2673.21
2612.54
2675.7
2716.18
2737.73
2730.39
2807.17
2831.87
2905.09
2993.01
2998.47
3040.6
2771.79
2881.07
2797.19
2831.53
2785.31
2840.18
2896.59
2928.01
2937.91
2954.91
2964.79
2906.33
2951.7
2930.48
3014.44
3032.2
3057.38
3071.22
3074.29
3122.81
3138.83
3173.02
3197.54
3183.98
3252.59
3291.3
3291.54
3319.14
3323.59
3398.95
3444.29
3495.22
3531.03
3518.27
3596.44
3611.87
3612.4
3449.02
3584.2
3710.89
3720.53
3743.96
3783.06
3759.87
3841.27
3950.01
4013.09
4049.7
4021.68
4046.39
3899.18
3986.04
4048.29
4030.26
4072.22
4110.38
4173.71
4151.13
4179.78
4272.11
4334.92
4053.09
4109.65
4000.74
3670.4
3767.1
3776.32
3890.8
3913.14
3995.68
4072.14
4176.48
4115.21
4132.87
4253.35
4269.52
4181.32
4230.82
4091.45
3941.08
3973.37
4078.6
3914.2
3820.7
3836.29
3899.72
3816.16
3615.87
3781.35
3883.22
3853.02
3865.72
3915.99
3914.39
3821.92
3896.19
3930.06
3912.94
4058.85
4213.36
4210.33
4323.97
4346.46
4345.36
4440.77
4471.03
4300.56
4407.73
4560.77
4628.11
4651.23
4663.16
4754.1
4749.37
4820.06
4872.78
4869.88
4765.45
4656.57
4904.85
4955.21
4980.07
5032.49
5107.67
5150.12
5194.69
5109.43
5167.88
5218.82
5321.06
5294.05
5310.72
5393.66
5277.18
5355.29
5113.97
5172.63
5273.59
5312.18
5421.39
5425.21
5395.27
5470.06
5454.67
5485.01
5425.88
5338.52
5409.4
5552.3
5692.76
5715.89
5771.46
5913.23
5903.26
6030.09
6092.06
6036.28
5825.28
5818.05
5667.33
5773.39
5843.11
5562.39
5589.63
5748
5897.19
5954.77
5914.28
5777.81
5634.45
5536.57
5601.78
5330.02
5315.54
5187.73
5158.12
5412.69
5365.27
5316.27
5269.82
5293.7
5214.23
4984.16
5032.13
4958.85
4861.11
4803.39
5003.33
4871.78
4868.61
4915.89
5042.65
5035.07
5091.76
5161.92
5175.08
5095.54
4958.04
5007.91
4876.76
4836.17
4941.78
5043.53
5101.78
5234.26
5201.18
5233.35
5308.89
5261.56
5272.81
5319.86
5361.57
5393.34
5386.53
5435.81
5456.54
5484.68
5497.9
5443.79
5290.61
5151.63
5180.51
4914.44
4559.75
4703.05
4717.73
4761.69
4419.29
4457.94
4417.85
4383.39
4320.77
4672.17
4599.7
4490.72
4552.32
4497.13
4568.15
4664.3
4567.03
4527.18
4370.28
4192.53
4238.18
4334.05
4299.51
4348.54
4438.27
4335.45
4292.65
4360.99
4300.52
4146.3
4165.88
4070.12
3971.26
3962.67
3820.05
3668.9
3761.61
3804.05
3796.58
3626.19
3629.62
3606.86
3411.49
3580.15
3472.71
3329.16
3347.88
3446.24
3599.62
3612.54
3413.91
3471.74
3492.89
3296.67
3348.35
3291.6
3222.74
3094.67
3116.98
3147.79
3278.33
3583.03
3557.75
3474.72
3523.41
3693.11
3761.01
3733.5
3579.15
3656.84
3613.49
3626.98
3560.24
3657.43
3637.32
3624.23
3604.76
3443.16
3544.19
3485.63
3473.09
3364.54
3375.41
3459.03
3401.44
3433.35
3459.04
3436.4
3369.91
3351.64
3329.67
3072.33
3024.24
2957.53
2868.8
2874.1
2794.75
2941.11
2748.87
2831.74
2760.42
2803.02
2905.01
2901.85
2748.43
2736.1
2651.61
2651.72
2703.53
2669.89
2792.4
2814.95
2920.55
2875.45
2856.63
2878.26
2779.45
2705.87
2684.78
2778.37
2861.42
2846.12
2837.85
2910.29
2865.1
2903.01
2850.31
2836.67
2775.72
2801.82
2741.74
2690.75
2719.37
2727.58
2605.72
2470.07
2457.2
2446.3
2437.08
2450.61
2319.87
2344.47
2523.28
2431.72
2405.23
2413.37
2350.08
2342.15
2350.14
2397.37
2325.14
2304.89
2276.67
2277.41
2202.45
2143.42
2145.78
2150.76
2078.98
2079.67
1986.64
1929.05
1895.84
2075.09
2236.41
2201.51
2216.81
2297.5
2293.78
2173.74
2157.84
2092.22
2074.58
2000.57
2073.57
2017.32
1994.67
1909.94
1930.65
1974.01
1958.53
1895.82
1875.56
1839.62
1723.35
1771.82
1719.81
1763.61
1728.79
1719.77
1706.7
1760.61
1717.72
1747.71
1874.8
1843.61
1859.11
1927.61
1986.44
2030.48
1902.43
2017.47
1983.76
1969.39
1897.06
1888.71
1897.88
1917.86
1871.16
1894.62
1889.64
1965.41
2001.5
2018.66
2090.77
2037.74
2079.12
2031.68
1954.21
1964.37
1975.01
1976.82
2015.69
2018.46
1987.76
1897.22
1863.8
1852.42
1851.52
1850.48
1832.91
1820.81
1880.72
1937.14
1924.01
1878.18
1904.86
1900.35
1863.37
1928.87
1920.21
1954.44
1986.67
1994.11
1985.02
2004.95
1990.66
2011.68
2060.81
2107.75
2098.02
2181.24
2224.71
2265.16
2260.82
2248.09
2320.79
2389.39
2319.44
2209.86
2227.12
2261.48
2305.78
2200.65
2206.57
2121.25
2082.85
2093.45
2071.43
2198.11
2221.08
2193.01
2118.75
2158.57
2139.03
2133.88
2128.85
2153.29
2218.33
2223.72
2265.76
2281.09
2325.48
2338.42
2291.55
2361.7
2374.44
2358.04
2373.21
2408.02
2425.29
2419.78
2439.18
2347.39
2379.88
2444.23
2513.7
2527.18
2536.06
2534.13
2503.93
2557.46
2535.83
2461.35
2463.95
2448.59
2405.35
2401.44
2468.19
2477.57
2559.91
2567.34
2592.52
2597.45
2625.64
2579.75
2618.17
2663.77
2639.89
2645.26
2652.78
2676.68
2651.41
2610.62
2597.6
2610.01
2588.57
2632.93
2721.28
2724.3
2778.59
2767.24
2753.89
2768.34
2787.89
2816.25
2797.32
2743.76
2789.55
2776.02
2810.12
2853.9
2880.49
2896.3
2892.7
2922.3
2925.05
2928.21
2975.31
2959.36
3008.15
3060.25
3088.37
3124.67
3089.45
3080.77
3123.03
3113.93
3080.56
3145.16
3188.55
3183.74
3189.74
3266.92
3213.21
3296.61
3328.49
3372.6
3435.21
3438.37
3266.43
3321.56
3412.06
3462.59
3471.44
3428.5
3356.33
3260.69
3249.76
3264.73
3112.72
3140.56
3046.97
2870.63
2910.88
2785.58
2911.58
2960.77
2993.43
2915.8
2967.59
2946.39
2860.69
2667.74
2683.72
2714.97
2845.02
2861.61
2881.12
2930.47
2946.26
2924.88
2989.79
3026.74
3033.73
2999.71
3060.26
2962.67
2967.01
2897.55
2842.72
2853.55
2838.84
2763.53
2754.54
2779.43
2911.72
2894.48
2936.19
2970.53
2979.79
2976.63
3038.27
3084.45
3070.59
3051.41
3107.85
3109.57
3021.46
3031.33
2960.47
2995.85
3076.65
3114.23
3128.54
3155.05
3164.04
3175.59
3178.61
3175.19
3172.95
3187.65
3275.05
3282.89
3303.23
3320.61
3308.35
3338.66
3223.53
3290.16
3170.98
3096.26
3195.3
3235.36
3269.75
3264.63
3317.04
3331.9
3296.66
3239.57
3254.26
3247.32
3302.9
3274.46
3255.21
3179.08
3113.89
3122.97
3050.52
3073.78
3153.41
3141.35
3188.78
3211.76
3262.6
3277.14
3243.76
3282.18
3254.22
3192.78
3196
3212.75
3273.97
3172.66
3215.55
3224.15
3237.1
3246.87
3151.85
3158.86
3128.59
3094.41
3019.39
2986.61
2994.14
2989.29
2941.36
2934.71
3003.84
2995.31
2939.4
2935.17
2948.84
2982.5
2985.5
3018.13
3003.4
2982.57
3022.18
3060.62
3051.94
3087.84
3073.11
3097.01
3023.37
3031.07
3053.23
3069.14
3048.93
3051.28
3013.41
2976.94
2992.84
3050.48
3046.09
3067.75
3074.58
3053.12
3056.81
3019.18
3059.72
3123.8
3128.47
3109.11
3147.42
3157.96
3158.68
3148.22
3118.71
3145.35
3129.26
3161.25
3166.18
3164.97
3130.3
2980.3
2979.53
3033.28
2999.48
2983.54
2969.5
2907.93
2900.33
2868.43
2870.61
2835.28
2857.15
2739.7
2688.38
2698.76
2647.57
2655.71
2710.51
2696.63
2559.93
2594.78
2587.81
2555.94
2583.52
2673.42
2622.63
2625.79
2655.92
2655.77
2592.15
2568.28
2571.42
2552.66
2553.59
2511.73
2513.95
2583.87
2562.58
2569.94
2560.24
2513.22
2586.21
2588.7
2569.87
2566.74
2552.82
2535.28
2427.05
2398.37
2373.79
2382.9
2363.95
2409.42
2421.12
2415.15
2470.92
2490.72
2450.29
2470.44
2424.3
2424.27
2475.42
2528.73
2535.39
2562.41
2572.03
2588.68
2575.37
2633.66
2648.12
2637.5
2672.52
2627
2638.52
2620.76
2658.39
2672.53
2595.27
2607.5
2575.47
2606.7
2661.71
2671.89
2666.3
2687.98
2642.31
2639.37
2650.31
2596.58
2603.48
2610.74
2652.66
2638.8
2622.88
2655.78
2655.39
2696.25
2698.36
2695.29
2656.35
2663.21
2688.32
2688.52
2652.5
2602.47
2598.69
2588.71
2591.55
2627.97
2611.35
2610.68
2655.66
2738.74
2806.94
2841.41
2861.36
2879.64
2971.16
2955.23
3001.85
3003.95
2983.53
2975.04
3051.42
3041.54
2997.05
2992.58
2978.84
3054.02
3045.43
3030.99
3086.94
3129.5
3159.51
3135
3115.36
3147.74
2985.43
3014.41
2894.54
2838.86
2865.45
2888.57
2884.37
2828.28
2859.94
2898.26
2871.7
2866.36
2820.18
2823.45
2843.61
2842.43
2857.18
2875.86
2848.55
2810.95
2841.04
2922.95
2927.08
2911.41
2898.14
2893.74
2852.92
2904.11
2877.9
2855.22
2835.16
2781.4
2732.99
2751.53
2759.57
2808.08
2852.65
2838.59
2824.2
2838.8
2791.81
2804.05
2821.3
2827.71
2791.34
2706.66
2708.98
2758.1
2677.65
2715.29
2695.72
2677.43
2708.81
2749.15
2752.75
2790.69
2798.96
2774.07
2818.16
2827.33
2899.13
2899.24
2923.9
2926.96
2899.79
2932.25
2855.52
2862.63
2878.6
2878.57
2905.05
2918.92
2913.81
2902.98
2942.31
2996.21
2999.94
3002.15
2957.14
2933.8
2937.63
2896.26
2930.8
2897.3
2906.89
2909.14
2919.14
2948.48
2946.71
2977.81
2984.01
2958.08
2955.77
2928.11
2967.41
3001.36
3007.91
3030.02
3022.75
3021.37
3050.4
3042.64
3050.53
3057.33
2999.04
3007.04
3026.67
3010.52
2964.95
2938.98
2925.41
2887.04
2911.51
2932.19
2866.02
2872.4
2863.89
2872.46
2890.63
2883.42
2844.08
2871.03
2849.07
2852.77
2872.77
2859.57
2858.46
2774.57
2767.06
2741.74
2736.53
2709.95
2706.36
2743.47
2743.57
2705.18
2728.02
2744.3
2750.29
2703.34
2705.14
2700.38
2730.04
2705.43
2664.28
2642.82
2621.25
2646.48
2649.32
2688.25
2746.21
2758.23
2759.2
2728.48
2762.08
2759.36
2812.82
2816.36
2810.48
2794.27
2797.77
2802.69
2754.58
2795.48
2810.44
2820.17
2816.69
2796.98
2794.2
2765.89
2770.79
2688.75
2703.03
2723.49
2708.78
2701.73
2703.78
2679.26
2678.49
2684.04
2626.42
2526.82
2526.07
2549.18
2581.51
2593.17
2626.77
2608.17
2601.26
2559.47
2534.36
2515.86
2554.02
2541.09
2615.26
2612.19
2576.41
2566.59
2567.34
2556.04
2528.28
2478.74
2470.52
2516.09
2498.94
2497.75
2471.3
2484.83
2479.05
2482.34
2437.8
2447.76
2512.96
2443.06
2433.16
2393.18
2415.05
2392.06
2365.34
2359.22
2344.79
2348.52
2420
2438.79
2431.38
2440.4
2383.49
2377.51
2331.37
2317.28
2370.33
2409.67
2427.48
2435.61
2473.41
2468.25
2470.02
2504.11
2508.09
2528.29
2509.8
2503.84
2524.92
2479.54
2481.08
2528.71
2529.76
2466.96
2463.05
2416.56
2415.13
2412.62
2395.07
2397.55
2380.22
2383.03
2412.39
2333.41
2386.86
2360.66
2333.23
2325.91
2332.73
2329.82
2315.27
2291.55
2248.59
2228.53
2180.89
2224.84
2218.24
2215.93
2191.15
2186.3
2204.78
2190.11
2166.2
2170.01
2173.56
2199.42
2169.39
2148.45
2163.39
2225.89
2285.74
2276.05
2275.01
2244.58
2206.19
2298.38
2266.38
2296.07
2319.12
2285.04
2292.61
2268.08
2312.56
2330.41
2331.14
2291.9
2347.53
2349.59
2351.98
2351.86
2344.77
2366.7
2356.86
2357.18
2363.6
2381.43
2403.59
2409.55
2439.63
2447.06
2451.86
2428.49
2426.11
2460.69
2445
2410.45
2394.79
2420.28
2439.46
2434.86
2455.8
2391.23
2373.77
2404.74
2410.18
2376.84
2378.2
2375.77
2349.54
2350.6
2347.18
2284.88
2252.16
2262.79
2302.24
2306.55
2285.78
2305.86
2308.93
2350.86
2359.16
2357.03
2334.99
2380.85
2378.63
2406.86
2388.59
2388.83
2406.81
2404.7
2396.32
2438.44
2440.08
2452.01
2451.95
2448.88
2408.59
2410.23
2394.98
2380.72
2374.84
2346.19
2378.89
2344.52
2348.3
2373.31
2363.44
2350.97
2333.55
2361.37
2389.64
2384.67
2372.23
2373.44
2308.55
2311.92
2309.55
2293.13
2281.45
2305.86
2289.79
2318.92
2295.95
2306.85
2316.05
2300.8
2292.88
2260.88
2224.11
2222.07
2216.93
2195.84
2225.43
2226.11
2229.19
2227.32
2201.35
2223.58
2170.81
2164.44
2175.38
2185.49
2185.89
2147.95
2161.19
2169.1
2184.84
2168.64
2141.4
2146.59
2136.15
2126
2128.76
2109.91
2103.63
2123.36
2111.18
2132.8
2154.92
2157.62
2160.99
2174.1
2168.81
2136.08
2142.53
2118.95
2112.2
2114.89
2106.96
2118.27
2107.71
2113.07
2092.1
2055.71
2073.15
2053.24
2052.59
2047.52
2059.15
2043.65
2037.68
2051.92
2127.76
2134.89
2120.55
2126.55
2110.38
2123.85
2078.5
2059.54
2067.83
2024.84
2026.69
2033.19
2029.29
2004.17
2056.32
2086.17
2074.42
2115.23
2119.94
2102.87
2104.93
2098.7
2098.81
2105.62
2131.69
2128.3
2132.76
2114.45
2115.99
2101.58
2066.21
2058.94
2062.35
2068.88
2104.43
2117.05
2114.03
2106
2105.73
2071.51
2069.07
2079.27
2047.89
2055.42
2030.29
2014.72
2016.98
2008.92
2030.32
2015.61
2027.38
2017.46
1991.16
1973.52
1963.49
1980.12
1959.77
1975.14
2031.91
2029.24
2061.79
2083.77
2074.7
2082.73
2061.48
2150.62
2160.34
2162.46
2162.24
2168.35
2153.31
2159.05
2213.61
2219.13
2205.9
2233.25
2269.13
2276.99
2285.36
2276.07
2275.34
2283.66
2243
2311.74
2325.68
2309.5
2284.91
2317.07
2328.22
2315.14
2320.91
2302.6
2291.3
2346.51
2358.98
2382.47
2385.42
2419.02
2428.15
2433.13
2434.48
2418.53
2432.4
2421.56
2382.91
2397.18
2325.95
2314.16
2325.82
2293.34
2313.22
2365.59
2359.51
2273.4
2326.31
2347.18
2324.29
2318.61
2310.59
2286.61
2263.97
2270.28
2278.4
2240.02
2257.43
2317.37
2324.24
2328.28
2326.72
2297.67
2301.26
2236.3
2236.62
2234.39
2227.74
2225.3
2211.59
2225.78
2226.13
2219.55
2206.78
2181.94
2194.85
2193.8
2197.6
2244.64
2242.17
2184.54
2218.32
2199.31
2177.91
2174.12
2205.5
2231.17
2235.57
2246.3
2232.97
2246.83
2241.92
2217.01
2224.8
2251.81
2282.87
2299.99
2305.11
2302.4
2275.67
2288.53
2293.08
2321.32
2324.02
2317.75
2300.59
2299.25
2272.42
2270.93
2242.11
2210.9
2148.36
2162.04
2156.22
2159.29
2143.45
2084.02
2073.09
1963.23
1959.51
1951.49
1950.01
1979.21
1995.24
2006.56
1994.27
2006.1
2007.2
1958.27
1965.45
2008.13
2072.99
2039.49
2059.39
2065.72
2044.92
2023.4
1992.65
2004.76
2043.88
2033.33
2021.17
2010.85
1976.31
1990.06
1993.8
2029.07
2029.42
2050.48
2060.5
2046.78
2044.89
2052.24
2101.28
2106.16
2100.14
2081.88
2068.45
2085.6
2072.59
2072.96
2067.12
2057.46
2096.47
2103.57
2101.3
2097.23
2098.38
2098.45
2123.11
2127.62
2122.43
2139.99
2212.52
2237.98
2241.27
2255.61
2236.22
2231.4
2185.56
2191.85
2221.04
2207.53
2198.51
2155.81
2160.03
2174.66
2198.2
2211.77
2190.93
2228.15
2237.77
2233.41
2193.07
2188.54
2193.78
2229.24
2210.65
2183.11
2164.32
2132.95
2133.87
2128.86
2160.46
2141.61
2149.56
2149.63
2157.24
2139.61
2129.4
2106.13
2109.47
2126.77
2087.94
2100.51
2135.83
2197.22
2193.12
2206.61
2205.77
2196.38
2186.11
2183.07
2201.07
2219.37
2220.5
2207.37
2222.67
2251.76
2247.06
2237.11
2238.2
2237.49
2204.17
2202.8
2196.07
2160.86
2151.08
2148.28
2127.79
2084.79
2089.71
2092.91
2106.35
2073.1
2101.25
2097.53
2115.98
2109.39
2083.14
2045.71
2047.32
2044.34
2027.62
2013.3
2009.56
2026.84
2023.35
2023.7
2004.95
1991.25
2008.31
2051.75
2042.18
2054.39
2033.3
2038.51
2049.91
2033.08
2044.5
2086.07
2103.67
2109.95
2098.4
2115.85
2135.41
2119.07
2142.55
2138.78
2113.69
2076.69
2034.22
2041.25
2047.35
2056.3
2075.24
2071.47
2053.08
2059.58
2057.91
1999.07
2001.16
1997.69
2019.11
2004.34
2023.67
2025.2
2021.73
1993.48
2047.62
2066.28
2067.31
2063.67
2046.59
2041.71
2033.31
2047.46
2058.99
2043.7
2058.83
2098.28
2105.24
2134.3
2130.54
2131.54
2101.6
2105.12
2098.89
2097.75
2065.83
2072.83
2067.38
2057.03
2036.52
2003.49
2020.34
2026.36
2027.35
2028.04
2010.08
2015.27
2011.13
2052.87
2050.73
2047.91
2024.97
2026.5
2005.18
2008.12
2024.95
2021.29
2034.57
2041.48
2034.57
2050.23
2040.6
2039.21
2038.31
2024.83
2040.88
2029.96
2030.5
2052.53
2054.95
2051.71
2070.72
2085.98
2066.7
2055.52
2023.73
2026.67
2024.37
2033.93
2025.5
2038.68
2036.51
2048.33
2050.38
2059.42
2063.23
2059.38
2059.93
2064.02
2038.61
2038.34
2046.96
2066.65
2070.36
2067.28
2055.59
2059.07
2054.48
2075.48
2078.49
2105.06
2126.61
2177.95
2183.19
2181.24
2201.56
2185.3
2223.33
2219.95
2217.47
2187.67
2194.43
2224.65
2221.59
2222.88
2206.47
2226.73
2239.47
2245.33
2240.21
2230.46
2240.81
2229.27
2207.11
2209.47
2195.82
2217.2
2235.51
2266.05
2288.63
2306.86
2326.43
2326.53
2318.3
2311.68
2331.95
2339.14
2296.55
2307.89
2315.93
2329.45
2289.87
2309.72
2343.57
2345.1
2347.72
2357.71
2363.87
2382.79
2389.37
2374.54
2366.01
2359.47
2373.67
2356.5
2341.18
2356.73
2339.66
2326.55
2302.42
2302.28
2290.44
2337.87
2373.03
2391.08
2420.18
2430.03
2430.68
2419.25
2425.86
2418.17
2473.67
2469.67
2494.48
2485.61
2478.82
2474.01
2456.37
2450.99
2452.66
2486.79
2532.88
2567.6
2604.34
2630.49
2682.84
2680.16
2763.55
2779.53
2899.46
2937.65
3020.26
2856.27
2940.01
2925.74
2938.17
2953.42
3021.52
3061.02
3057.52
3108.6
3127.45
3032.61
2972.53
3072.54
3157.6
3168.02
3165.82
3234.68
3350.52
3351.45
3373.95
3293.46
3285.41
3229.32
3235.3
3222.44
3336.45
3376.49
3116.35
3173.05
3323.61
3343.34
3351.76
3383.18
3352.96
3305.74
3262.3
3210.36
3128.3
3204.91
3174.13
3136.53
3075.91
3095.12
3141.59
3157.7
3173.42
3203.83
3222.36
3246.91
3228.84
3298.36
3310.3
3336.28
3263.05
3279.53
3248.48
3241.19
3302.41
3286.07
3290.9
3349.32
3372.91
3449.3
3502.85
3577.3
3582.27
3617.32
3687.73
3691.41
3660.73
3682.09
3691.1
3786.57
3747.9
3810.29
3825.78
3863.93
3961.38
3994.81
3957.53
4034.31
4121.72
4135.56
4084.16
4194.82
4287.3
4217.08
4293.62
4398.49
4414.51
4393.69
4527.4
4476.22
4476.62
4441.65
4480.46
4298.71
4229.27
4112.21
4205.92
4333.58
4401.22
4375.76
4378.31
4308.69
4283.49
4417.55
4446.29
4529.42
4657.6
4813.8
4910.9
4941.71
4620.27
4611.74
4828.74
4910.53
4909.98
4947.1
5023.1
5131.88
5113.53
5106.04
5121.59
5166.35
5062.99
4887.43
4967.9
4785.36
4478.36
4576.49
4690.15
4527.78
4192.87
4053.03
4277.22
4053.7
3912.77
3686.92
3775.91
3727.12
3507.19
3709.33
3877.8
3970.39
3924.49
3805.7
3823.18
3957.35
3992.11
4017.67
4026.05
4123.92
4070.91
3725.56
3663
3789.17
3705.77
3663.73
3622.91
3756.54
3694.57
3661.54
3744.2
3928.42
3927.91
3886.32
3954.56
3965.33
3993.67
3748.16
3794.11
3664.29
3507.74
3209.91
2964.97
2927.29
3083.59
3232.35
3205.99
3166.62
3160.17
3080.42
3170.45
3243.09
3197.89
3200.23
3114.8
3005.17
3152.26
3086.06
3097.92
3156.54
3185.62
3115.89
3142.69
3092.35
3100.76
3038.14
3052.78
3143.36
3183.15
3287.66
3293.23
3262.44
3338.07
3391.35
3386.7
3425.33
3320.68
3368.74
3412.43
3429.58
3434.34
3375.2
3387.32
3382.56
3325.08
3316.7
3459.64
3522.82
3590.03
3646.88
3640.49
3650.25
3632.9
3580.84
3606.96
3604.8
3568.47
3617.06
3630.5
3610.32
3616.11
3647.93
3635.55
3436.3
3445.4
3456.31
3536.91
3584.82
3524.99
3536.93
3470.07
3472.44
3455.5
3434.58
3520.67
3510.35
3516.19
3580
3578.96
3642.47
3651.77
3636.09
3612.49
3627.91
3533.78
3563.74
3572.88
3539.18
3296.26
3287.71
3361.84
3125
3186.41
3016.7
3022.86
2949.6
3007.65
2900.97
2913.84
3007.74
2976.69
2880.48
2916.56
2938.51
2749.78
2735.56
2655.66
2737.6
2688.85
2749.57
2739.25
2781.02
2763.49
2746.2
2836.57
2867.34
2862.89
2860.02
2927.18
2903.33
2928.9
2741.24
2767.21
2687.98
2733.17
2849.68
2859.76
2874.15
2897.34
2901.39
2862.56
2804.73
2810.31
2859.5
2864.37
2870.43
2904.83
2955.15
3018.8
2999.36
3009.96
2960.97
2979.43
2957.82
2919.83
3000.64
3003.91
3009.53
3053.07
3050.59
3008.42
2984.96
3033.96
3023.65
3066.64
3082.36
3078.12
3033.66
3042.82
2972.58
2952.89
2959.24
2946.67
2964.7
2953.67
2945.59
2938.32
2992.64
2991.27
2997.84
2913.25
2832.11
2832.59
2837.04
2835.86
2827.11
2850.86
2843.68
2807.51
2806.91
2825.48
2843.64
2821.67
2815.09
2822.44
2821.05
2822.45
2916.62
2913.51
2925.23
2938.68
2934.1
2936.05
2927.16
2833.07
2842.19
2887.21
2872.82
2885.11
2888.81
2878.56
2905.55
2891.96
2854.29
2895.7
2912.56
2931.59
2929.61
2932.48
2988.6
3006.39
3017.29
3016.85
2988.09
2994.92
3049.38
3060.69
3054.02
3054.3
3043.56
3036.6
3027.9
3039.01
3012.82
3015.83
3050.17
2992
2994.32
2979.34
2953.39
2971.28
2978.46
2982.43
2976.7
3004.28
3025.68
3018.75
3002.64
3050.67
3125.2
3110.04
3109.55
3104.11
3108.1
3084.8
3089.71
3085.88
3068.33
3070.31
3070.03
3074.68
3085.49
3063.3
3067.35
3072.09
3090.71
3091.93
3095.95
3078.86
3021.98
3023.51
3002.85
3026.05
3023
3025.87
3042.31
3033.9
2980.43
2998.17
2987.86
2998.48
3004.7
3048.14
3065.25
3058.5
3061.35
3063.81
3041.17
3083.88
3084.72
3084.46
3090.94
3128.25
3131.94
3116.31
3112.35
3104.27
3100.49
3122.44
3102.73
3128.94
3125.32
3133.33
3147.89
3128.37
3171.28
3196.04
3210.37
3206.99
3205.06
3208.45
3192.86
3218.15
3248.35
3241.14
3241.74
3261.94
3277
3282.92
3250.03
3273.31
3243.84
3204.71
3199.65
3222.24
3215.37
3232.88
3152.97
3155.04
3140.53
3117.68
3122.98
3118.08
3102.88
3137.43
3139.56
3110.15
3122.57
3114.66
3102.24
3096.1
3103.64
3135.92
3158.79
3165.41
3154.32
3171.24
3161.67
3136.75
3119.29
3112.76
3103.43
3108.77
3113.01
3101.3
3123.14
3136.77
3142.55
3149.55
3159.17
3140.17
3156.98
3153.09
3166.98
3183.18
3196.7
3216.84
3217.93
3212.99
3229.62
3202.08
3239.96
3253.33
3261.22
3251.38
3253.43
3228.66
3241.73
3246.93
3230.03
3218.31
3233.87
3242.41
3240.66
3216.75
3212.76
3237.02
3239.33
3241.76
3268.94
3237.45
3250.81
3261.61
3245.22
3248.55
3269.45
3266.96
3252.95
3241.31
3210.24
3222.51
3270.31
3281
3286.62
3269.39
3288.97
3273.83
3275.96
3246.07
3222.17
3196.71
3170.69
3172.1
3173.15
3129.53
3134.57
3140.85
3152.19
3154.66
3143.71
3135.35
3127.37
3103.04
3078.61
3080.53
3052.78
3061.5
3083.51
3090.23
3112.96
3104.44
3090.14
3090.63
3075.68
3061.95
3064.08
3107.83
3110.06
3117.18
3102.62
3105.54
3091.66
3102.13
3140.32
3150.33
3158.4
3139.88
3153.74
3130.67
3132.49
3123.17
3144.37
3140.01
3156.21
3147.45
3157.87
3185.44
3191.2
3173.2
3188.06
3192.43
3195.91
3182.8
3207.13
3212.44
3217.96
3212.63
3203.04
3197.54
3218.16
3222.42
3176.46
3187.57
3230.98
3244.86
3237.98
3250.6
3243.69
3247.67
3249.78
3253.24
3273.03
3292.64
3285.06
3272.93
3262.08
3279.46
3281.87
3275.57
3261.75
3208.54
3237.36
3251.26
3246.45
3268.43
3268.72
3286.91
3290.23
3287.7
3271.51
3331.52
3362.65
3365.23
3363.63
3360.81
3367.12
3379.58
3384.32
3385.39
3365.5
3365.24
3376.42
3379.49
3384.15
3371.43
3353.62
3362.86
3356.84
3366
3357.81
3352.53
3341.55
3343.58
3345.27
3339.64
3348.94
3374.38
3382.99
3388.28
3386.1
3390.52
3378.47
3372.04
3381.79
3370.17
3378.65
3380.7
3388.25
3396.9
3407.57
3416.81
3390.34
3393.34
3395.91
3383.31
3371.74
3388.17
3413.57
3415.46
3427.79
3432.67
3447.84
3429.55
3402.52
3399.25
3382.91
3392.4
3410.5
3430.46
3351.92
3353.82
3322.23
3333.66
3337.86
3317.19
3317.62
3309.62
3303.68
3293.96
3272.05
3289.99
3322.2
3280.81
3303.04
3292.44
3266.14
3267.92
3296.54
3287.61
3300.06
3297.06
3280.46
3306.12
3275.78
3296.38
3307.17
3348.33
3369.11
3385.71
3391.75
3409.48
3413.9
3421.83
3425.34
3428.94
3410.49
3436.59
3444.67
3474.75
3487.86
3501.36
3546.5
3559.47
3548.31
3558.13
3523
3488.01
3480.83
3446.98
3462.08
3487.5
3370.65
3309.26
3262.05
3129.85
3154.13
3184.96
3199.16
3268.56
3289.02
3329.57
3292.07
3259.41
3273.75
3254.53
3256.93
3289.64
3271.67
3288.41
3307.17
3326.7
3310.24
3291.38
3291.11
3269.88
3279.25
3290.64
3280.95
3263.48
3152.76
3133.72
3166.65
3122.29
3160.53
3168.9
3163.18
3136.63
3131.11
3138.29
3190.32
3208.08
3180.16
3159.05
3110.65
3066.8
3091.4
3117.38
3071.54
3068.01
3128.93
3117.97
3075.03
3082.23
3081.18
3100.86
3091.03
3136.64
3161.5
3159.15
3174.41
3163.26
3174.03
3192.12
3169.57
3154.28
3193.3
3213.84
3214.35
3168.96
3154.65
3141.3
3135.08
3120.46
3041.44
3095.47
3075.14
3091.19
3114.21
3115.18
3109.5
3067.15
3052.78
3079.8
3049.8
3044.16
3021.9
2907.82
2915.73
2875.81
2889.76
2859.34
2844.51
2813.18
2786.9
2847.42
2775.56
2786.89
2759.13
2733.88
2747.23
2815.11
2827.63
2777.77
2837.66
2831.18
2814.04
2798.13
2787.26
2772.55
2829.27
2859.54
2905.56
2903.65
2882.23
2873.59
2869.05
2876.4
2824.53
2768.02
2740.44
2705.16
2779.37
2744.07
2794.38
2795.31
2785.87
2780.96
2723.26
2705.19
2668.97
2698.47
2733.83
2714.61
2724.62
2729.43
2780.9
2777.98
2769.29
2737.74
2725.25
2720.73
2750.58
2704.34
2691.59
2702.3
2669.48
2664.8
2656.11
2686.58
2681.64
2651.79
2699.95
2730.85
2729.24
2797.48
2781.14
2806.81
2791.77
2821.35
2716.51
2721.01
2725.84
2583.46
2606.91
2568.1
2546.33
2561.61
2486.42
2550.47
2654.88
2594.83
2603.3
2603.8
2598.85
2542.1
2568.05
2602.78
2606.24
2676.48
2665.43
2659.36
2641.34
2635.63
2598.87
2630.52
2654.88
2632.24
2668.17
2679.11
2703.51
2645.85
2651.51
2645.43
2579.48
2575.81
2574.68
2601.74
2567.44
2588.19
2654.8
2665.96
2649.81
2605.18
2605.89
2584.58
2594.09
2602.15
2634.05
2593.74
2597.97
2576.65
2549.56
2536.27
2516.25
2527.01
2504.82
2498.29
2483.09
2493.9
2465.29
2464.36
2514.87
2533.09
2526.46
2544.34
2535.1
2553.83
2535.77
2570.34
2570.42
2559.64
2596.01
2610.51
2579.7
2581
2591.69
2601.72
2596.98
2594.25
2575.58
2584.57
2618.23
2653.9
2671.89
2721.07
2719.7
2682.39
2754.36
2755.65
2761.22
2751.8
2804.23
2961.28
2941.52
2953.82
2940.95
2994.01
3027.58
3054.25
3102.1
3106.42
2969.86
3026.99
3060.31
3026.95
2990.68
3021.75
3096.42
3090.97
3090.64
3101.45
3104.15
3043.03
2997.1
3022.72
2994.94
3090.76
3170.36
3176.82
3216.3
3246.57
3244.81
3239.66
3241.93
3189.96
3188.63
3177.79
3253.6
3263.12
3250.2
3270.8
3215.04
3198.59
3201.61
3123.83
3086.4
3062.5
3078.34
2906.46
2926.39
2893.76
2850.95
2939.21
2903.71
2883.61
2938.68
2955.71
2882.3
2870.6
2905.97
2891.7
2852.52
2852.99
2892.38
2909.91
2914.7
2905.81
2898.7
2890.08
2862.28
2861.42
2827.8
2852.13
2925.72
2909.38
2910.74
2881.97
2887.61
2890.16
2917.8
2987.12
3001.98
3008.15
2982.07
2976.28
2996.79
2978.88
3044.9
3043.94
3015.26
3005.25
3011.06
2933.36
2928.23
2915.3
2917.76
2930.55
2942.19
2937.62
2931.69
2901.18
2924.2
2886.97
2899.94
2923.28
2937.36
2944.54
2941.01
2952.34
2932.51
2908.77
2867.84
2821.5
2777.56
2768.68
2794.55
2774.75
2814.99
2797.26
2808.91
2815.8
2823.82
2883.1
2880
2880.33
2883.44
2897.43
2863.57
2902.19
2893.76
2890.92
2886.24
2924.11
2930.15
2957.41
2985.86
2999.6
3024.74
3021.2
3008.81
3031.24
3030.75
2978.12
2985.66
2999.28
3006.45
2977.08
2985.34
2955.43
2929.09
2932.17
2905.19
2913.57
2924.86
2947.71
2973.66
3007.88
2991.05
2978.71
2977.33
2938.14
2939.62
2954.38
2941.62
2940.92
2954.93
2980.05
2954.18
2939.32
2929.06
2958.2
2975.49
2991.56
2978.6
2978.71
2964.18
2909.97
2914.82
2905.24
2909.87
2891.34
2909.2
2933.99
2911.05
2903.64
2885.29
2906.17
2907.06
2903.19
2889.69
2871.98
2875.81
2884.7
2878.12
2899.47
2912.01
2914.48
2917.32
2924.42
2915.7
2967.68
2984.39
3022.42
3017.04
3017.07
3004.94
2962.75
2982.68
2981.88
3007.35
3005.04
3040.02
3050.12
3085.2
3083.79
3083.41
3104.8
3066.89
3094.88
3092.29
3115.57
3106.82
3090.04
3074.08
3075.5
3095.79
3052.14
3060.75
2976.53
2746.61
2783.29
2818.09
2866.51
2875.96
2890.49
2901.67
2926.9
2906.07
2917.01
2983.62
2984.97
2975.4
3030.15
3039.67
3031.23
3013.05
2987.93
2991.33
2880.3
2970.93
2992.9
3011.67
3071.68
3034.51
2943.29
2996.76
2968.52
2923.49
2887.43
2789.25
2779.64
2728.76
2702.13
2745.62
2660.17
2722.44
2781.59
2764.91
2772.2
2747.21
2750.3
2734.52
2780.64
2763.99
2820.76
2815.37
2825.9
2796.63
2783.05
2827.28
2811.17
2819.93
2838.49
2852.55
2827.01
2843.98
2838.5
2808.53
2815.49
2810.02
2822.44
2860.08
2878.14
2871.52
2895.34
2894.8
2891.56
2898.05
2870.34
2868.46
2875.42
2898.58
2883.74
2867.92
2813.77
2817.97
2846.55
2836.8
2846.22
2852.35
2915.43
2921.4
2923.37
2919.25
2930.8
2937.77
2956.11
2943.75
2920.9
2919.74
2890.03
2931.75
2935.87
2939.32
2967.63
2965.27
2970.62
2979.55
2961.52
2984.67
3025.98
3090.57
3152.81
3332.88
3345.34
3403.44
3450.59
3383.32
3443.29
3414.62
3361.3
3210.1
3214.13
3314.15
3320.89
3333.16
3325.11
3196.77
3205.23
3227.96
3294.55
3286.82
3310.01
3367.97
3371.69
3377.56
3386.46
3354.04
3379.25
3340.29
3319.27
3320.73
3360.1
3438.8
3451.09
3408.13
3363.9
3380.68
3385.64
3373.58
3329.74
3350.11
3403.81
3395.68
3410.61
3404.8
3384.98
3355.37
3292.59
3316.42
3254.63
3234.82
3260.35
3278.81
3295.68
3283.92
3270.43
3338.09
3316.94
3274.3
3279.71
3223.18
3219.42
3217.53
3224.36
3218.05
3272.08
3358.47
3359.75
3340.78
3332.18
3336.36
3312.67
3328.1
3325.02
3312.5
3278
3251.12
3254.32
3269.24
3272.73
3224.53
3225.12
3271.07
3277.44
3320.13
3312.16
3373.73
3360.15
3342.2
3338.68
3310.1
3346.97
3339.89
3347.3
3363.09
3377.73
3414.49
3402.82
3362.33
3369.73
3408.31
3391.76
3451.94
3449.38
3442.14
3444.58
3416.6
3410.18
3371.96
3373.28
3347.19
3369.12
3367.23
3366.98
3404.87
3394.9
3420.57
3356.78
3382.32
3363.11
3396.56
3397.29
3379.04
3414.45
3473.07
3502.96
3528.68
3550.88
3576.2
3570.11
3531.5
3608.34
3598.65
3565.9
3566.38
3596.22
3566.38
3583.09
3621.26
3606.75
3624.24
3569.43
3573.34
3505.18
3483.07
3505.28
3533.68
3517.31
3501.86
3496.33
3532.45
3603.49
3655.09
3675.36
3696.17
3642.44
3636.36
3564.08
3585.05
3509.08
3551.4
3508.59
3576.9
3503.49
3501.99
3421.41
3359.29
3357.74
3436.83
3453.08
3419.95
3446.73
3445.55
3463.07
3404.66
3443.44
3411.51
3367.06
3363.59
3418.33
3435.3
3456.68
3441.91
3466.33
3484.39
3482.97
3479.63
3482.55
3450.68
3412.95
3396.47
3416.72
3398.99
3426.62
3477.55
3472.94
3472.93
3465.11
3474.17
3441.17
3442.61
3457.07
3474.9
3446.86
3441.28
3418.87
3427.99
3441.85
3462.75
3429.54
3490.38
3517.62
3529.01
3510.96
3506.94
3486.56
3497.28
3581.34
3593.36
3608.85
3600.78
3615.48
3624.71
3597.14
3584.21
3591.84
3599.54
3580.11
3591.4
3610.86
3589.75
3556.56
3518.33
3525.60
3525.10
3529.18
